               \033[38;2;77;81;110m##[38;2;39;39;39m@@@@@@@@@@@@@@@@@@@@@@@@@@@@@%\033[0m           
              \033[38;2;77;81;110m####[38;2;39;39;39m@@@@@@@@@@@@@@@@@@@@@@@@@@@@@%\033[0m              
             \033[38;2;77;81;110m##%#%#[38;2;39;39;39m@@@@@@@@@@@@@@@@@@@@@@@@@@@@@%\033[0m             
            \033[38;2;77;81;110m####%#%%[38;2;39;39;39m@@@@@@@\033[38;2;77;81;110m%%%%%%%%%%%%%%%[38;2;39;39;39m@@@@@@@%\033[0m            
           \033[38;2;77;81;110m###%#%%%%%[38;2;39;39;39m@@@@@@\033[38;2;77;81;110m%%%%%%%[38;2;39;39;39m@@@\033[38;2;77;81;110m%%%%%%%[38;2;39;39;39m@@@@@@%\033[0m           
          \033[38;2;77;81;110m##%#%%#%%%%%[38;2;39;39;39m@@@@@@\033[38;2;77;81;110m%%%%%%%[38;2;39;39;39m@@@\033[38;2;77;81;110m%%%%%%%[38;2;39;39;39m@@@@@@%\033[0m          
         \033[38;2;77;81;110m#####%\033[38;2;255;255;255m###\033[38;2;77;81;110m%%%%%%[38;2;39;39;39m@@@@@@@\033[38;2;77;81;110m%%%%%%[38;2;39;39;39m@@@\033[38;2;77;81;110m%%%%%%%[38;2;39;39;39m@@@@@@%\033[0m         
        \033[38;2;77;81;110m###%#%\033[38;2;255;255;255m#####\033[38;2;77;81;110m%%%%%%[38;2;39;39;39m@@@@@@@\033[38;2;77;81;110m%%%%%%[38;2;39;39;39m@@@\033[38;2;77;81;110m%%%%%%%[38;2;39;39;39m@@@@@@%\033[0m        
      \033[38;2;77;81;110m####%#%\033[38;2;255;255;255m#######\033[38;2;77;81;110m%%%%%%[38;2;39;39;39m@@@@@@@\033[38;2;77;81;110m%%%%%%[38;2;39;39;39m@@@\033[38;2;77;81;110m%%%%%%%[38;2;39;39;39m@@@@@@%\033[0m      
     \033[38;2;77;81;110m####%#%\033[38;2;255;255;255m#######\033[38;2;77;81;110m#%%%%%%%[38;2;39;39;39m@@@@@@@\033[38;2;77;81;110m%%%%%%%%%%%%%%%%[38;2;39;39;39m@@@@@@@\033[0m     
    \033[38;2;77;81;110m###%#%#\033[38;2;255;255;255m#######\033[38;2;77;81;110m%%%%%%%%%%[38;2;39;39;39m@@@@@@@@@\033[38;2;77;81;110m%%%%%%%%%%%[38;2;39;39;39m@@@@@@@@@@\033[0m    
   \033[38;2;77;81;110m####%#%\033[38;2;255;255;255m########\033[38;2;77;81;110m%%%%%%%%%%%[38;2;39;39;39m@@@@@@@@@@@@@@@@@@@@@@@@@@@@@@\033[0m   
  \033[38;2;77;81;110m###%#%#\033[38;2;255;255;255m##########\033[38;2;77;81;110m%%%%%%%%%%%[38;2;39;39;39m@@@@@@@@@@@@@@@@@@@@@@@@@@@@@@\033[0m  
 \033[38;2;77;81;110m#####%#\033[38;2;255;255;255m######\033[38;2;77;81;110m%%\033[38;2;255;255;255m####\033[38;2;77;81;110m%%%%%%%%%%[38;2;17;17;17m@@@@@@@@@@@@@@@@@@@@@@@@@@@@@@\033[0m 
 \033[38;2;77;81;110m#%#%%%\033[38;2;255;255;255m#####\033[38;2;77;81;110m%%%\033[38;2;255;255;255m#####\033[38;2;77;81;110m%%%%%%%%%[38;2;17;17;17m@@@@@@@@@@@@@@@@@@@@@@@@@@@@@@\033[0m  
   \033[38;2;77;81;110m#%#%%%\033[38;2;255;255;255m###\033[38;2;77;81;110m%%%\033[38;2;255;255;255m#####\033[38;2;77;81;110m%%%%%%%%[38;2;17;17;17m@@@@@@@@@@@@@@@@@@@@@@@@@@@@@@\033[0m   
    \033[38;2;77;81;110m%%%%%%\033[38;2;255;255;255m###\033[38;2;77;81;110m%\033[38;2;255;255;255m######\033[38;2;77;81;110m%%%%%%%[38;2;17;17;17m@@@@@@@@@@\033[38;2;77;81;110m%%%%%%%%%%%%%[38;2;17;17;17m@@@@@@@\033[0m    
     \033[38;2;77;81;110m%%%%%%\033[38;2;255;255;255m#########\033[38;2;77;81;110m%%%%%%[38;2;17;17;17m@@@@@@@\033[38;2;77;81;110m%%%%%%%%%%%%%%%%[38;2;17;17;17m@@@@@@@\033[0m     
      \033[38;2;77;81;110m%%%%%%\033[38;2;255;255;255m#######\033[38;2;77;81;110m%%%%%%[38;2;17;17;17m@@@@@@@\033[38;2;77;81;110m%%%%%%[38;2;17;17;17m@@@\033[38;2;77;81;110m%%%%%%%[38;2;17;17;17m@@@@@@@\033[0m      
        \033[38;2;77;81;110m%%%%%\033[38;2;255;255;255m#####\033[38;2;77;81;110m%%%%%%[38;2;17;17;17m@@@@@@@\033[38;2;77;81;110m%%%%%%%%%%[38;2;17;17;17m@@@@@@@@@@@@\033[0m        
         \033[38;2;77;81;110m%%%%%%%%%%%%%%[38;2;17;17;17m@@@@@@@@\033[38;2;77;81;110m%%%%%%%%%%%%%%%[38;2;17;17;17m@@@@@@\033[0m         
          \033[38;2;77;81;110m%%%%%%%%%%%%[38;2;17;17;17m@@@@@@@@@@@@@@@\033[38;2;77;81;110m%%%%%%%%[38;2;17;17;17m@@@@@@\033[0m          
           \033[38;2;77;81;110m%%%%%%%%%%[38;2;17;17;17m@@@@@@\033[38;2;77;81;110m%%%%%%%[38;2;17;17;17m@@@\033[38;2;77;81;110m%%%%%%%[38;2;17;17;17m@@@@@@\033[0m           
            \033[38;2;77;81;110m%%%%%%%%[38;2;17;17;17m@@@@@@\033[38;2;77;81;110m%%%%%%%%%%%%%%%%[38;2;17;17;17m@@@@@@@\033[0m            
             \033[38;2;77;81;110m%%%%%%[38;2;17;17;17m@@@@@@@@@@@@@@@@@@@@@@@@@@@@@\033[0m             
              \033[38;2;77;81;110m%%%%[38;2;17;17;17m@@@@@@@@@@@@@@@@@@@@@@@@@@@@@\033[0m              
               \033[38;2;77;81;110m%%[38;2;17;17;17m@@@@@@@@@@@@@@@@@@@@@@@@@@@@@\033[0m
